payload from 00-17-0d-00-00-59-06-2c mote



[255, 255, 23, 96, 255, 255, 9, 255, 205, 250, 137, 66, 255, 255, 255, 255, 255, 255, 255, 255, 255, 255, 255, 255]

[255, 255, 23, 97, 254, 255, 9, 255, 205, 250, 157, 66, 255, 255, 255, 255, 255, 255, 255, 255, 255, 255, 255, 255]

[255, 255, 23, 95, 254, 255, 249, 254, 205, 250, 149, 66, 255, 255, 255, 255, 255, 255, 255, 255, 255, 255, 255, 255]

[255, 255, 23, 95, 254, 255, 5, 255, 213, 250, 157, 66, 255, 255, 255, 255, 255, 255, 255, 255, 255, 255, 255, 255]

[255, 255, 23, 96, 254, 255, 9, 255, 201, 250, 145, 66, 255, 255, 255, 255, 255, 255, 255, 255, 255, 255, 255, 255]

[255, 255, 23, 88, 254, 255, 249, 254, 209, 250, 157, 66, 255, 255, 255, 255, 255, 255, 255, 255, 255, 255, 255, 255]